[General]
lcdNumber_1=14146
lcdNumber_2=147
lcdNumber_3=98.97152452249352
lcdNumber_4=14134
lcdNumber_5=9
lcdNumber_6=99.93636427914869
lcdNumber_7=14079
lcdNumber_8=0
lcdNumber_9=100
lcdNumber_10=14075
lcdNumber_11=0
lcdNumber_12=100
lcdNumber_13=14076
lcdNumber_14=0
lcdNumber_15=100
lcdNumber_16=14077
lcdNumber_17=4
lcdNumber_18=99.97159292663873
lcdNumber_19=14075
lcdNumber_20=3
lcdNumber_21=99.97869015485155
lcdNumber_22=14088
lcdNumber_23=35
lcdNumber_24=99.75217729944063
